0.000    0.203
0.010    0.203
0.020    0.203
0.030    0.203
0.040    0.203
0.050    0.203
0.060    0.203
0.070    0.203
0.080    0.203
0.090    0.203
0.100    0.203
0.110    0.203
0.120    0.203
0.130    0.203
0.140    0.203
0.150    0.203
0.160    0.203
0.170    0.203
0.180    0.203
0.190    0.203
0.200    0.203
0.210    0.203
0.220    0.203
0.230    0.203
0.240    0.203
0.250    0.203
0.260    0.203
0.270    0.203
0.280    0.203
0.290    0.203
0.300    0.203
0.310    0.203
0.320    0.203
0.330    0.203
0.340    0.203
0.350    0.203
0.360    0.203
0.370    0.203
0.380    0.203
0.390    0.203
0.400    0.203
0.410    0.203
0.420    0.203
0.430    0.203
0.440    0.203
0.450    0.203
0.460    0.203
0.470    0.203
0.480    0.203
0.490    0.203
0.500    0.203
0.510    0.203
0.520    0.203
0.530    0.203
0.540    0.203
0.550    0.203
0.560    0.203
0.570    0.203
0.580    0.203
0.590    0.203
0.600    0.203
0.610    0.203
0.620    0.203
0.630    0.203
0.640    0.203
0.650    0.203
0.660    0.203
0.670    0.203
0.680    0.203
0.690    0.203
0.700    0.203
0.710    0.198
0.720    0.193
0.730    0.189
0.740    0.184
0.750    0.180
0.760    0.175
0.770    0.171
0.780    0.167
0.790    0.164
0.800    0.160
0.810    0.156
0.820    0.153
0.830    0.150
0.840    0.146
0.850    0.143
0.860    0.140
0.870    0.138
0.880    0.135
0.890    0.132
0.900    0.129
0.910    0.127
0.920    0.124
0.930    0.122
0.940    0.120
0.950    0.117
0.960    0.115
0.970    0.113
0.980    0.111
0.990    0.109
1.000    0.107
1.010    0.105
1.020    0.103
1.030    0.101
1.040    0.100
1.050    0.098
1.060    0.096
1.070    0.095
1.080    0.093
1.090    0.092
1.100    0.090
1.110    0.089
1.120    0.087
1.130    0.086
1.140    0.085
1.150    0.083
1.160    0.082
1.170    0.081
1.180    0.079
1.190    0.078
1.200    0.077
1.210    0.076
1.220    0.075
1.230    0.074
1.240    0.073
1.250    0.072
1.260    0.071
1.270    0.070
1.280    0.069
1.290    0.068
1.300    0.067
1.310    0.066
1.320    0.065
1.330    0.064
1.340    0.063
1.350    0.062
1.360    0.062
1.370    0.061
1.380    0.060
1.390    0.059
1.400    0.058
1.410    0.058
1.420    0.057
1.430    0.056
1.440    0.056
1.450    0.055
1.460    0.054
1.470    0.053
1.480    0.053
1.490    0.052
1.500    0.052
1.510    0.051
1.520    0.050
1.530    0.050
1.540    0.049
1.550    0.049
1.560    0.048
1.570    0.048
1.580    0.047
1.590    0.046
1.600    0.046
1.610    0.045
1.620    0.045
1.630    0.044
1.640    0.044
1.650    0.043
1.660    0.043
1.670    0.043
1.680    0.042
1.690    0.042
1.700    0.041
1.710    0.041
1.720    0.040
1.730    0.040
1.740    0.039
1.750    0.039
1.760    0.039
1.770    0.038
1.780    0.038
1.790    0.038
1.800    0.037
1.810    0.037
1.820    0.036
1.830    0.036
1.840    0.036
1.850    0.035
1.860    0.035
1.870    0.035
1.880    0.034
1.890    0.034
1.900    0.034
1.910    0.033
1.920    0.033
1.930    0.033
1.940    0.032
1.950    0.032
1.960    0.032
1.970    0.032
1.980    0.031
1.990    0.031
2.000    0.031
2.010    0.030
2.020    0.030
2.030    0.030
2.040    0.030
2.050    0.029
2.060    0.029
2.070    0.029
2.080    0.029
2.090    0.028
2.100    0.028
2.110    0.028
2.120    0.028
2.130    0.027
2.140    0.027
2.150    0.027
2.160    0.027
2.170    0.027
2.180    0.026
2.190    0.026
2.200    0.026
2.210    0.026
2.220    0.025
2.230    0.025
2.240    0.025
2.250    0.025
2.260    0.025
2.270    0.024
2.280    0.024
2.290    0.024
2.300    0.024
2.310    0.024
2.320    0.024
2.330    0.023
2.340    0.023
2.350    0.023
2.360    0.023
2.370    0.023
2.380    0.022
2.390    0.022
2.400    0.022
2.410    0.022
2.420    0.022
2.430    0.022
2.440    0.021
2.450    0.021
2.460    0.021
2.470    0.021
2.480    0.021
2.490    0.021
2.500    0.021
2.510    0.020
2.520    0.020
2.530    0.020
2.540    0.020
2.550    0.020
2.560    0.020
2.570    0.020
2.580    0.019
2.590    0.019
2.600    0.019
2.610    0.019
2.620    0.019
2.630    0.019
2.640    0.019
2.650    0.019
2.660    0.018
2.670    0.018
2.680    0.018
2.690    0.018
2.700    0.018
2.710    0.018
2.720    0.018
2.730    0.018
2.740    0.017
2.750    0.017
2.760    0.017
2.770    0.017
2.780    0.017
2.790    0.017
2.800    0.017
2.810    0.017
2.820    0.017
2.830    0.016
2.840    0.016
2.850    0.016
2.860    0.016
2.870    0.016
2.880    0.016
2.890    0.016
2.900    0.016
2.910    0.016
2.920    0.016
2.930    0.015
2.940    0.015
2.950    0.015
2.960    0.015
2.970    0.015
2.980    0.015
2.990    0.015
3.000    0.015
3.010    0.015
3.020    0.015
3.030    0.015
3.040    0.014
3.050    0.014
3.060    0.014
3.070    0.014
3.080    0.014
3.090    0.014
3.100    0.014
3.110    0.014
3.120    0.014
3.130    0.014
3.140    0.014
3.150    0.014
3.160    0.013
3.170    0.013
3.180    0.013
3.190    0.013
3.200    0.013
3.210    0.013
3.220    0.013
3.230    0.013
3.240    0.013
3.250    0.013
3.260    0.013
3.270    0.013
3.280    0.013
3.290    0.013
3.300    0.012
3.310    0.012
3.320    0.012
3.330    0.012
3.340    0.012
3.350    0.012
3.360    0.012
3.370    0.012
3.380    0.012
3.390    0.012
3.400    0.012
3.410    0.012
3.420    0.012
3.430    0.012
3.440    0.012
3.450    0.012
3.460    0.011
3.470    0.011
3.480    0.011
3.490    0.011
3.500    0.011
3.510    0.011
3.520    0.011
3.530    0.011
3.540    0.011
3.550    0.011
3.560    0.011
3.570    0.011
3.580    0.011
3.590    0.011
3.600    0.011
3.610    0.011
3.620    0.011
3.630    0.011
3.640    0.010
3.650    0.010
3.660    0.010
3.670    0.010
3.680    0.010
3.690    0.010
3.700    0.010
3.710    0.010
3.720    0.010
3.730    0.010
3.740    0.010
3.750    0.010
3.760    0.010
3.770    0.010
3.780    0.010
3.790    0.010
3.800    0.010
3.810    0.010
3.820    0.010
3.830    0.010
3.840    0.009
3.850    0.009
3.860    0.009
3.870    0.009
3.880    0.009
3.890    0.009
3.900    0.009
3.910    0.009
3.920    0.009
3.930    0.009
3.940    0.009
3.950    0.009
3.960    0.009
3.970    0.009
3.980    0.009
3.990    0.009
4.000    0.009
4.010    0.009
4.020    0.009
4.030    0.009
4.040    0.009
4.050    0.009
4.060    0.009
4.070    0.009
4.080    0.009
4.090    0.008
4.100    0.008
4.110    0.008
4.120    0.008
4.130    0.008
4.140    0.008
4.150    0.008
4.160    0.008
4.170    0.008
4.180    0.008
4.190    0.008
4.200    0.008
4.210    0.008
4.220    0.008
4.230    0.008
4.240    0.008
4.250    0.008
4.260    0.008
4.270    0.008
4.280    0.008
4.290    0.008
4.300    0.008
4.310    0.008
4.320    0.008
4.330    0.008
4.340    0.008
4.350    0.008
4.360    0.008
4.370    0.008
4.380    0.007
4.390    0.007
4.400    0.007
4.410    0.007
4.420    0.007
4.430    0.007
4.440    0.007
4.450    0.007
4.460    0.007
4.470    0.007
4.480    0.007
4.490    0.007
4.500    0.007
4.510    0.007
4.520    0.007
4.530    0.007
4.540    0.007
4.550    0.007
4.560    0.007
4.570    0.007
4.580    0.007
4.590    0.007
4.600    0.007
4.610    0.007
4.620    0.007
4.630    0.007
4.640    0.007
4.650    0.007
4.660    0.007
4.670    0.007
4.680    0.007
4.690    0.007
4.700    0.007
4.710    0.007
4.720    0.007
4.730    0.007
4.740    0.007
4.750    0.006
4.760    0.006
4.770    0.006
4.780    0.006
4.790    0.006
4.800    0.006
4.810    0.006
4.820    0.006
4.830    0.006
4.840    0.006
4.850    0.006
4.860    0.006
4.870    0.006
4.880    0.006
4.890    0.006
4.900    0.006
4.910    0.006
4.920    0.006
4.930    0.006
4.940    0.006
4.950    0.006
4.960    0.006
4.970    0.006
4.980    0.006
4.990    0.006
5.000    0.006
